7020024
7020088
7020100
7020155
7020150
7020194
7020212
7020536
7020388
7020393
7020420
7020423
7020424
7020462
7020477
7020002
7020017
7020505
7020025
6020034
7020546
7020539
7020071
7020075
7020500
7020091
7020096
7020104
7020544
7020124
7020141
7020151
7020176
7020200
7020538
7020533
7020209
7020228
7020234
7020257
7020270
7020277
7020290
7020306
7020308
7020310
7020323
7020334
7020347
7020348
7020366
7020359
7020402
7020408
7020426
7020514
7020430
7020471
7020450
7020453
7020510
7020468
7020461
7020475
7020509
8020011
8020031
8020033
8020036
8020046
8020047
8020059
8020079
8020098
8020103
8020116
8020117
8020130
8020128
8020156
8020162
8020160
8020164
8020165
8020174
8020177
8020187
8020200
8020202
8020204
8020206
8020218
8020219
8020230
8020234
8020245
8020246
8020260
8020265
8020270
8020271
8020301
8020305
8020306
8020311
8020325
8020320
8020321
8020333
8020335
8020340
8020344
8020371
8020353
8020356
8020364
8020373
8020412
8020414
8020420
8020425
8020430
8020431
8020446
8020453
8020460
8020012
8020069
8020082
7020069
8020487
8020126
8020129
7020511
8020146
8020257
8020286
8020289
8020304
8020312
8020313
8020334
8020337
8020341
8020346
8020372
8020391
8020399
8020472
9020015
9020023
9020032
9020041
9020063
9020066
9020101
9020135
9020142
9020145
9020636
9020157
9020176
9020183
9020210
9020229
9020226
9020247
9020257
9020274
9020283
9020287
9020294
9020306
9020316
9020322
9020332
9020348
9020377
9020413
9020635
9020444
9020445
9020452
9020454
9020473
9020482
9020503
9020510
9020526
9020541
9020578
9020583
9020585
9020592
9020608
9020625
9020629
9020038
9020128
9020136
9020258
9020383
9020426
9020439
9020458
9020495
9020611
9020628
9020072
9020074
9020086
9020096
9020123
9020125
9020144
9020146
9020171
9020177
9020207
9020208
9020232
9020233
9020259
9020265
9020268
9020273
9020279
9020282
9020308
9020321
9020337
9020343
9020344
9020401
9020422
9020425
9020477
9020502
9020500
9020550
9020600
9020564
9020595
9020603
6020001
7020014
6020013
7020027
6020017
7020035
7020039
7020045
6020033
7020061
7020065
6020060
7020074
7020067
7020068
7020083
7020082
6020085
7020097
7020095
7020098
7020103
7020106
7020120
7020125
7020126
6020117
7020130
6020126
7020143
7020174
7020160
6020154
7020183
7020204
6020167
7020207
7020208
6020470
7020224
7020230
7020252
6020224
7020254
6020232
7020260
7020268
6020255
7020282
7020288
7020292
7020297
7020299
6020286
7020314
7020319
6020295
7020333
7020343
7020357
7020360
7020377
7020396
6020356
7020405
7020414
7020431
7020441
7020447
7020457
7020482
6020519
7020484
6020491
7020006
7020502
7020019
7020547
7020042
6020517
7020052
7020054
7020076
6020065
6020456
6020071
7020085
7020499
6020118
6020119
5020147
7020512
5020170
7020542
7020172
5020197
7020185
6020469
7020504
7020225
7020532
7020229
7020540
7020537
7020274
7020287
7020294
7020548
6020277
6020280
7020309
7020337
7020327
7020535
6020313
6020314
6020515
7020352
7020353
6020325
7020534
6020339
7020497
7020571
6020523
5020405
7020411
7020545
7020498
7020432
7020437
7020543
5020438
7020549
7020495
6020413
7020508
7020496
7020503
6020516
7020494
8020008
8020009
8020014
8020018
8020486
8020022
8020035
8020037
8020039
8020042
8020052
8020053
8020061
8020063
8020071
8020078
8020080
7020072
8020088
8020089
8020072
8020094
8020105
8020111
8020119
8020143
8020134
8020135
8020138
8020141
8020153
8020155
8020154
8020158
8020166
8020172
8020181
8020176
8020180
8020190
8020194
8020196
8020201
8020205
8020209
8020220
8020225
8020231
8020237
8020242
8020243
8020247
8020254
8020259
8020276
8020277
8020281
8020284
8020550
8020292
8020302
8020299
8020308
8020310
8020315
8020316
8020323
8020338
8020350
8020352
8020370
8020376
8020381
8020389
8020393
8020394
8020403
8020405
8020410
8020415
8020426
8020428
8020464
8020452
8020441
8020466
8020468
8020476
8020478
8020480
8020001
8020003
8020024
8020050
8020056
8020060
8020062
8020066
8020068
8020081
8020083
8020084
8020099
8020107
8020108
8020122
8020121
8020124
8020137
8020142
8020145
8020149
8020170
8020171
8020203
8020212
8020222
8020228
8020229
8020232
8020239
8020241
8020488
8020251
8020269
8020272
8020287
8020296
8020298
6020479
8020322
8020329
8020332
8020347
8020349
8020351
8020378
8020380
8020383
8020385
8020388
8020395
8020401
8020407
8020422
8020423
8020462
8020432
7020458
8020447
8020448
8020438
8020469
9020007
9020019
9020029
9020047
9020053
9020055
9020071
9020087
9020095
9020092
9020111
9020112
9020116
9020120
9020121
9020126
9020137
9020160
9020175
9020185
9020186
9020239
9020220
9020249
9020256
9020260
9020262
9020281
9020288
9020301
9020331
9020349
9020359
9020379
9020381
9020398
9020402
9020424
9020435
9020450
9020467
9020471
9020479
9020496
9020512
9020521
9020525
9020536
9020540
9020552
9020569
9020571
9020579
9020580
9020594
9020574
9020001
9020005
9020012
9020013
9020017
9020022
9020024
9020028
9020061
9020062
9020064
9020065
9020075
9020081
9020099
9020103
9020122
9020140
9020149
9020191
9020195
9020199
9020213
9020227
9020263
9020269
9020272
9020278
9020298
9020312
9020319
9020320
9020324
9020328
9020330
9020334
9020335
9020341
9020345
9020354
9020356
9020361
9020396
9020408
9020463
9020464
9020466
9020468
9020469
9020476
9020490
8020396
9020511
9020532
9020533
9020539
9020544
9020581
9020584
9020573
9020576
9020619
10020007
10020020
10020024
10020029
10020036
10020041
10020054
10020072
10020085
10020100
10020111
10020119
10020128
10020150
10020139
10020146
10020464
10020156
10020162
10020171
10020500
10020177
10020189
10020194
10020213
10020219
10020224
10020227
10020240
10020256
10020475
10020267
10020291
10020278
10020282
10020287
10020298
10020306
10020506
10020312
10020480
10020332
10020335
10020350
10020351
10020354
10020360
10020376
10020380
10020388
10020402
10020412
10020424
10020408
10020428
10020444
10020005
10020010
10020016
10020025
10020042
10020047
10020060
10020067
10020073
10020081
10020089
10020099
10020105
10020124
10020461
10020501
10020147
10020169
10020465
10020159
10020178
10020181
10020196
10020206
10020502
10020220
10020228
10020238
10020243
10020268
10020289
10020283
10020504
10020505
10020304
10020320
10020507
10020336
10020352
10020355
10020358
10020361
10020365
10020378
10020487
10020413
10020421
10020425
10020406
10020409
10020439
10020445
10020013
10020019
10020447
10020033
10020450
10020061
10020056
10020096
10020110
10020458
10020134
10020462
10020161
10020179
10020193
10020204
10020215
10020217
10020222
10020226
10020237
10020239
10020246
10020249
10020474
10020255
9020382
10020261
10020281
10020285
10020999
10020316
10020319
10020322
9020484
10020338
10020348
10020353
10020364
10020427
10020396
10020407
10020489
10020440
11020002
11020411
11020013
11020023
11020029
11020046
11020053
11020066
11020071
11020079
11020083
11020087
11020093
11020100
11020111
11020416
11020144
11020153
11020158
11020165
11020173
11020176
11020180
11020188
11020208
11020420
11020218
11020231
11020233
11020424
11020240
11020238
11020248
11020514
11020284
11020289
11020430
11020518
11020298
11020441
11020318
11020331
11020333
11020339
11020345
11020349
11020354
11020356
11020359
11020436
11020378
11020373
11020393
11020396
11020016
11020035
11020048
11020058
11020062
11020072
11020080
11020094
11020104
11020511
11020114
11020120
11020122
11020127
11020133
11020145
11020137
11020141
11020157
11020160
11020171
11020175
11020192
11020221
11020227
11020422
11020235
11020239
11020244
11020246
11020269
11020272
11020276
11020285
11020304
11020516
11020316
11020327
11020334
11020434
11020361
11020376
11020379
11020387
11020389
11020405
11020007
11020008
11020010
11020172
11020018
11020022
11020028
11020037
11020049
11020523
11020065
11020069
11020073
11020076
11020509
11020081
11020086
11020092
11020096
11020099
11020510
11020119
11020512
11020129
11020134
11020138
11020143
11020151
11020155
11020163
11020177
11020193
11020198
11020207
11020217
11020232
11020237
11020426
11020535
11020427
11020262
11020278
11020283
11020515
11020291
11020297
11020312
11020317
11020324
11020330
11020332
11020336
11020355
11020358
11020365
11020370
11020397
14020000